0 0.188867 0.0876923 0.0735244 0.0239699 1.35866
0 0.106362 0.152308 0.0604941 0.0227941 1.24121
0 0.0715706 0.333846 0.0720473 0.0269508 1.21284
0 0.0467197 0.573846 0.0684112 0.0315618 0.788389
0 0.194831 0.603077 0.0806186 0.0363094 0.920834
0 0.244533 0.295385 0.0803594 0.032064 1.0991
0 0.295804 0.479216 0.0961301 0.0387378 1.08051
0 0.348703 0.141137 0.0584721 0.0225388 1.10103
0 0.389662 0.249231 0.0573776 0.0222438 1.20096
0 0.460239 0.0815385 0.0386489 0.0241766 1.62947
0 0.449304 0.189231 0.0312421 0.0205535 1.7134
0 0.447316 0.364615 0.0539764 0.0228058 1.23894
0 0.583499 0.218462 0.044881 0.0328226 1.71881
0 0.545726 0.355385 0.0554131 0.0195632 1.33308
0 0.511928 0.521538 0.0381031 0.0184885 1.68774
0 0.150099 0.858461 0.0608668 0.0393122 0.632609
0 0.471173 0.656923 0.0539894 0.0224253 1.17712
0 0.34493 0.850769 0.0756339 0.032954 0.790059
0 0.545726 0.863077 0.0603158 0.0239317 1.10103
