0 0.0492126 0.333333 0.0492126 0.309711 0.0669291 0.309711 0.0669291 0.333333
0 0.110236 0.28084 0.11811 0.265092 0.135827 0.28084 0.127953 0.296588
0 0.251969 0.440945 0.26378 0.440945 0.26378 0.514436 0.251969 0.514436
0 0.295276 0.496063 0.295276 0.433071 0.307087 0.433071 0.307087 0.496063
0 0.708661 0.661417 0.708661 0.606299 0.722441 0.606299 0.722441 0.661417
0 0.765748 0.545932 0.781496 0.543307 0.783465 0.60105 0.769685 0.603675
0 0.242126 0.811024 0.255906 0.811024 0.255906 0.866142 0.242126 0.866142
0 0.181102 0.805774 0.194882 0.805774 0.194882 0.853018 0.181102 0.853018
0 0.931102 0.989501 0.933071 0.942257 0.94685 0.944882 0.942913 0.992126
0 0.974409 0.944882 0.988189 0.942257 0.992126 0.992126 0.976378 0.994751
0 0.0472441 0.64042 0.0610236 0.637795 0.0629921 0.656168 0.0492126 0.658793
