0 0.163673 0.09375 0.175649 0.0880682 0.183633 0.133523 0.173653 0.136364
0 0.221557 0.107955 0.227545 0.0653409 0.239521 0.0681818 0.233533 0.110795
0 0.0199601 0.0198864 0.0379242 0.0113636 0.0459082 0.0482955 0.0279441 0.0568182
0 0.582834 0.471591 0.582834 0.40625 0.598802 0.40625 0.598802 0.471591
0 0.636727 0.471591 0.636727 0.409091 0.650699 0.409091 0.650699 0.471591
0 0.792415 0.375 0.806387 0.372159 0.812375 0.409091 0.798403 0.414773
0 0.832335 0.3125 0.848303 0.309659 0.850299 0.363636 0.836327 0.366477
0 0.179641 0.877841 0.179641 0.8125 0.197605 0.8125 0.197605 0.877841
0 0.11976 0.9375 0.121756 0.875 0.137725 0.877841 0.135729 0.9375
0 0.403194 0.798295 0.40519 0.769886 0.423154 0.772727 0.419162 0.801136
