0 0.287849 0.680556 0.0480981 0.0218013 1.25864
0 0.344622 0.615741 0.0490039 0.0203746 1.32748
0 0.429926 0.765518 0.0539965 0.0137949 1.33333
0 0.483068 0.736111 0.0444952 0.0162088 1.70823
0 0.494024 0.555556 0.0348654 0.0131157 1.82345
0 0.429283 0.503086 0.0356238 0.0142089 1.45398
0 0.0836653 0.183642 0.0561271 0.018765 1.3832
0 0.133466 0.174383 0.0524691 0.0159363 1.5708
0 0.248008 0.12963 0.0864198 0.0139442 1.5708
0 0.288845 0.132716 0.0802469 0.0119522 1.5708
0 0.948207 0.0478395 0.0633615 0.0181423 1.47428
