0 0.0843373 0.771883 0.0685935 0.0255319 0.566481
0 0.571285 0.643236 0.0589026 0.0291313 0.414774
0 0.799197 0.596817 0.0737602 0.0256162 2.21878
0 0.714859 0.793103 0.0562249 0.0265252 0
0 0.443775 0.810345 0.0494732 0.0248598 0.486094
0 0.420683 0.503979 0.0658397 0.022937 0.656529
0 0.514056 0.905836 0.0450929 0.0160642 1.5708
0 0.501004 0.913793 0.0503979 0.0140562 1.5708
0 0.482932 0.917772 0.0623658 0.0162472 1.66922
0 0.468875 0.912467 0.0574824 0.0142106 1.49882
0 0.456827 0.929708 0.0397878 0.0180723 1.5708
