0 0.838323 0.190164 0.88024 0.121311 0.896208 0.147541 0.854291 0.216393
0 0.618762 0.216393 0.626747 0.186885 0.670659 0.222951 0.662675 0.252459
0 0.758483 0.429508 0.758483 0.393443 0.816367 0.393443 0.816367 0.429508
0 0.493014 0.419672 0.502994 0.396721 0.540918 0.439344 0.532934 0.462295
0 0.46507 0.0393443 0.47505 0.0131148 0.52495 0.0590164 0.51497 0.0885246
0 0.121756 0.393443 0.123752 0.360656 0.187625 0.37377 0.183633 0.406557
0 0.522954 0.596721 0.522954 0.55082 0.536926 0.55082 0.536926 0.596721
0 0.536926 0.527869 0.548902 0.527869 0.548902 0.590164 0.536926 0.590164
0 0.54491 0.6 0.548902 0.52459 0.56487 0.527869 0.560878 0.603279
0 0.566866 0.52459 0.578842 0.52459 0.578842 0.6 0.566866 0.6
0 0.572854 0.596721 0.580838 0.518033 0.59481 0.521311 0.588822 0.6
