0 0.082243 0.380645 0.181308 0.351613 0.185047 0.383871 0.0841121 0.412903
0 0.0168224 0.403226 0.0635514 0.390323 0.0654206 0.419355 0.0205607 0.432258
0 0.0598131 0.774194 0.158879 0.73871 0.160748 0.767742 0.0635514 0.8
0 0.0598131 0.8 0.160748 0.764516 0.164486 0.793548 0.0635514 0.829032
0 0.194393 0.732258 0.259813 0.683871 0.26729 0.712903 0.201869 0.76129
0 0.201869 0.751613 0.26729 0.712903 0.272897 0.741935 0.207477 0.780645
0 0.295327 0.677419 0.368224 0.632258 0.373832 0.658065 0.300935 0.706452
0 0.302804 0.693548 0.373832 0.658065 0.379439 0.680645 0.306542 0.716129
0 0.302804 0.712903 0.37757 0.680645 0.381308 0.709677 0.308411 0.741935
0 0.457944 0.609677 0.564486 0.580645 0.568224 0.609677 0.459813 0.641935
0 0.401869 0.66129 0.566355 0.6 0.570093 0.63871 0.407477 0.7
0 0.728972 0.545161 0.796262 0.519355 0.8 0.548387 0.73271 0.577419
0 0.82243 0.574194 0.859813 0.532258 0.966355 0.832258 0.930841 0.870968
