0 0.156496 0.118506 0.0616883 0.0216535 1.5708
0 0.17815 0.449675 0.0917397 0.0302991 1.02576
0 0.425197 0.534091 0.0876624 0.023622 1.5708
0 0.25 0.873377 0.0884464 0.0378642 0.832785
0 0.57874 0.654221 0.0941558 0.023622 1.5708
0 0.623031 0.185065 0.0649351 0.0177165 1.5708
0 0.680118 0.470779 0.0584415 0.0216536 1.5708
0 0.776575 0.422078 0.057033 0.0218297 1.49959
0 0.82874 0.772727 0.0953821 0.0475923 -0.689607
0 0.834933 0.845332 0.0833406 0.0341052 2.1415
0 0.894685 0.448052 0.0566439 0.0199187 1.46421
0 0.976378 0.258117 0.0597925 0.0218702 1.47009
