0 0.243083 0.0942623 0.0644926 0.0254365 1.367
0 0.155138 0.159836 0.0448252 0.0340324 1.8236
0 0.116601 0.342896 0.0569162 0.0266385 1.13305
0 0.0909091 0.579235 0.0657621 0.0272173 0.779113
0 0.0108696 0.819672 0.0372042 0.0198841 1.51521
0 0.250988 0.603825 0.0824246 0.0352285 0.94459
0 0.201581 0.851093 0.0640536 0.0364468 0.668619
0 0.362648 0.479508 0.0923354 0.0448363 0.94459
0 0.306324 0.297814 0.0767736 0.0297814 1.10461
0 0.417984 0.846995 0.0707469 0.034206 0.678672
0 0.418972 0.153005 0.0506697 0.0219347 1.30592
0 0.462451 0.256831 0.0541876 0.0263144 1.18438
0 0.52668 0.367486 0.0521721 0.0275967 1.32084
0 0.597826 0.519126 0.0382513 0.0217391 1.5708
0 0.550395 0.654372 0.0385321 0.0258364 1.46783
0 0.676877 0.222678 0.0390538 0.0358218 1.62638
0 0.634387 0.360656 0.0437159 0.0316206 1.5708
0 0.541502 0.0942623 0.0323399 0.0166803 1.31359
0 0.525692 0.196721 0.0387408 0.0206362 1.17152
0 0.635375 0.857924 0.0502714 0.0215115 1.20262
