0 0.169276 0.192754 0.0643405 0.0354157 0.473763
0 0.1409 0.355072 0.0670071 0.0385531 0.517824
0 0.260274 0.585507 0.0668344 0.0381192 0.45861
0 0.343444 0.757971 0.0679503 0.0433551 -0.287996
0 0.393346 0.32029 0.0585511 0.0381876 0.329356
0 0.48728 0.0637681 0.0753028 0.0312669 1.08109
0 0.64775 0.0985507 0.0830191 0.032438 0.976946
0 0.596869 0.35942 0.0651652 0.0338273 0.766424
0 0.809198 0.355072 0.0767755 0.0384898 0.899546
0 0.654599 0.928985 0.0768354 0.0370568 0.565604
0 0.943849 0.148957 0.0523193 0.0202512 1.08307
