0 0.041502 0.313531 0.148221 0.280528 0.152174 0.310231 0.0454545 0.339934
0 0.0454545 0.339934 0.150198 0.30033 0.15415 0.326733 0.0494071 0.366337
0 0.183794 0.273927 0.256917 0.221122 0.264822 0.250825 0.189723 0.30033
0 0.195652 0.290429 0.264822 0.250825 0.268775 0.277228 0.199605 0.316832
0 0.294466 0.211221 0.371542 0.171617 0.375494 0.19802 0.298419 0.237624
0 0.298419 0.231023 0.37747 0.194719 0.381423 0.221122 0.302372 0.257426
0 0.300395 0.250825 0.381423 0.217822 0.385375 0.244224 0.304348 0.277228
0 0.460474 0.151815 0.575099 0.115512 0.579051 0.141914 0.462451 0.181518
0 0.403162 0.20132 0.577075 0.135314 0.583004 0.178218 0.409091 0.244224
0 0.750988 0.0924092 0.818182 0.049505 0.826087 0.0792079 0.756917 0.122112
0 0.849802 0.108911 0.893281 0.0627063 1.00593 0.369637 0.964427 0.415842
