0 0.548902 0.252688 0.039064 0.0284487 0.324771
0 0.532934 0.383513 0.0557446 0.0310188 0.609603
0 0.607784 0.557348 0.0587482 0.0272658 0.790414
0 0.660679 0.688172 0.0359281 0.0358423 0
0 0.691143 0.351753 0.0632579 0.0302556 0.760111
0 0.855289 0.818996 0.0664666 0.0298857 0.784202
0 0.750499 0.157706 0.0546936 0.023502 0.893383
0 0.819484 0.384217 0.0546936 0.0257486 0.893383
0 0.851001 0.178756 0.0688113 0.0273382 0.994631
0 0.95509 0.376344 0.0679536 0.0290466 0.921312
0 0.921158 0.0806451 0.0706152 0.0279014 1.06268
