0 0.324219 0.0377359 0.0647167 0.0220574 2.01379
0 0.432617 0.156604 0.0339623 0.0136719 1.5708
0 0.467773 0.116981 0.0513735 0.0124741 1.29564
0 0.414316 0.264579 0.0439468 0.0163302 1.03664
0 0.270255 0.469383 0.0462003 0.0199324 1.03664
0 0.260689 0.559626 0.0479171 0.0212132 0.887976
0 0.310547 0.684906 0.0264151 0.0234375 1.5708
0 0.344727 0.775472 0.030454 0.0262215 1.42398
0 0.367188 0.537736 0.0264151 0.0195312 1.5708
0 0.405273 0.398113 0.0259176 0.0183036 0.368741
0 0.47168 0.413208 0.0314258 0.021791 1.69948
0 0.453682 0.557357 0.0445392 0.0197429 0.934115
0 0.474609 0.873585 0.0346464 0.0224137 0.392531
0 0.541992 0.556604 0.0386733 0.0203551 0.768127
0 0.518555 0.337736 0.0472101 0.0165265 1.43057
0 0.49523 0.238049 0.0510013 0.0161596 1.2232
0 0.541778 0.147194 0.0368192 0.010564 1.45628
0 0.563477 0.209434 0.0264151 0.0136719 1.5708
0 0.586914 0.175472 0.0250344 0.010265 1.39995
0 0.59375 0.115094 0.0247023 0.0121897 1.39995
0 0.588867 0.277359 0.0319587 0.0116572 1.16359
0 0.631882 0.273791 0.0331563 0.00926149 1.35251
0 0.65332 0.19434 0.0311434 0.0192469 1.74164
0 0.635742 0.686792 0.0226415 0.0136719 1.5708
0 0.632812 0.558491 0.028721 0.0121447 1.42398
0 0.597656 0.441509 0.028721 0.0121447 1.42398
0 0.618164 0.367924 0.0264151 0.00976562 1.5708
0 0.640609 0.418744 0.0217024 0.0106534 1.44212
0 0.689453 0.658491 0.0264151 0.0078125 1.5708
