0 0.188867 0.0861538 0.0705165 0.0233221 1.35866
0 0.102836 0.147547 0.0520914 0.0198639 1.25832
0 0.0715706 0.335385 0.0633302 0.0267174 0.997151
0 0.0477137 0.575385 0.064378 0.0317312 0.774015
0 0.148111 0.855385 0.0705935 0.033731 0.788389
0 0.195191 0.606599 0.0760816 0.0317059 0.891406
0 0.246045 0.297069 0.0794035 0.025426 1.27231
0 0.295568 0.477288 0.093731 0.0355895 1.06182
0 0.347913 0.853846 0.0699572 0.0335574 0.701114
0 0.390656 0.250769 0.0605565 0.023316 1.29531
0 0.346298 0.138777 0.0538849 0.0176005 1.10103
0 0.461233 0.0861538 0.0307692 0.0198807 1.5708
0 0.447316 0.190769 0.0246154 0.0198807 1.5708
0 0.585487 0.215385 0.0457664 0.028414 1.43322
0 0.543738 0.353846 0.0522174 0.0231186 1.40017
0 0.44831 0.361538 0.0503774 0.0260088 1.49021
0 0.508946 0.518462 0.0372158 0.0280025 1.46352
0 0.470179 0.653846 0.0416584 0.0295466 1.74522
0 0.54672 0.867692 0.0508348 0.0233778 0.99715
