0 0.107843 0.300643 0.0594985 0.031397 0.462921
0 0.136275 0.512862 0.052822 0.0255467 0.342448
0 0.323529 0.313505 0.0854306 0.0277481 0.653205
0 0.302941 0.64791 0.0458072 0.0322013 0.230117
0 0.488235 0.495177 0.0609576 0.0248647 0.686779
0 0.586275 0.311897 0.0543796 0.030583 0.457196
0 0.636275 0.495177 0.0441002 0.0255949 0.332425
0 0.722549 0.181672 0.0381528 0.0245576 0.599416
0 0.739216 0.805466 0.0520231 0.0288999 0.657247
0 0.812745 0.549839 0.0499154 0.0283724 0.593915
0 0.828431 0.302251 0.0483946 0.0277481 0.653205
