0 0.234151 0.0550459 0.0489297 0.0429448 1.5708
0 0.398773 0.19419 0.0336391 0.0204499 1.5708
0 0.372188 0.318043 0.044888 0.0198973 1.07016
0 0.150307 0.562691 0.0512148 0.0218611 0.669653
0 0.131162 0.673354 0.0596665 0.0246595 0.91362
0 0.211656 0.82263 0.0482926 0.0277252 0.551926
0 0.264826 0.932722 0.0426076 0.0272005 -0.244258
0 0.297546 0.643731 0.0394197 0.0270801 0.379452
0 0.357873 0.480122 0.042345 0.0253396 0.511082
0 0.429448 0.671254 0.0468324 0.0333416 0.511082
0 0.461145 0.5 0.0581836 0.0307217 0.865671
0 0.45501 0.14526 0.0425417 0.018222 1.29906
0 0.49591 0.29052 0.057525 0.0208771 1.18923
0 0.533742 0.414373 0.0615432 0.0274748 0.842633
0 0.567485 0.669725 0.0530754 0.0234903 0.831457
0 0.568933 0.184886 0.038037 0.0124511 1.27571
0 0.649284 0.148318 0.0214067 0.0143149 1.5708
0 0.598747 0.259664 0.0396425 0.0175951 1.13299
0 0.638037 0.333333 0.0332928 0.0256219 1.71832
0 0.639059 0.217125 0.0244648 0.0143149 1.5708
0 0.734151 0.238532 0.0319034 0.0244234 0.49806
0 0.706544 0.330275 0.0396425 0.0162987 1.133
0 0.653374 0.535168 0.0342672 0.0166431 1.3904
0 0.707566 0.67737 0.0419928 0.020192 1.29906
0 0.709612 0.82263 0.0274649 0.0211785 1.73644
0 0.680982 0.440367 0.0284453 0.0166317 1.42327
0 0.792434 0.79052 0.0214067 0.0143149 1.5708
