0 0.0889328 0.260317 0.0889328 0.238095 0.106719 0.238095 0.106719 0.260317
0 0.337945 0.27619 0.339921 0.257143 0.355731 0.260317 0.353755 0.28254
0 0.241107 0.479365 0.26087 0.473016 0.264822 0.495238 0.245059 0.504762
0 0.140316 0.647619 0.156126 0.631746 0.166008 0.653968 0.150198 0.673016
0 0.322134 0.590476 0.326087 0.571429 0.349802 0.577778 0.347826 0.6
0 0.416996 0.0698413 0.416996 0.047619 0.436759 0.047619 0.436759 0.0698413
0 0.128458 0.844444 0.128458 0.819048 0.150198 0.819048 0.150198 0.844444
0 0.286561 0.901587 0.312253 0.901587 0.312253 0.926984 0.286561 0.926984
0 0.478261 0.898413 0.492095 0.879365 0.503953 0.904762 0.490119 0.92381
0 0.577075 0.492063 0.598814 0.492063 0.598814 0.514286 0.577075 0.514286
0 0.701581 0.180952 0.72332 0.174603 0.727273 0.203175 0.70751 0.212698
0 0.729249 0.0730159 0.750988 0.0603175 0.754941 0.0888889 0.735178 0.0984127
0 0.84585 0.304762 0.863636 0.295238 0.867589 0.314286 0.849802 0.32381
0 0.667984 0.87619 0.689723 0.869841 0.693676 0.898413 0.671937 0.904762
0 0.84585 0.711111 0.84585 0.685714 0.865613 0.685714 0.865613 0.711111
0 0.859684 0.88254 0.865613 0.860317 0.883399 0.869841 0.87747 0.892063
0 0.841897 0.51746 0.859684 0.507937 0.863636 0.530159 0.843874 0.536508
