0 0.276342 0.247093 0.286282 0.218023 0.332008 0.25 0.322068 0.27907
0 0.250497 0.401163 0.260437 0.369186 0.308151 0.401163 0.298211 0.43314
0 0.361829 0.610465 0.371769 0.575581 0.417495 0.604651 0.407555 0.639535
0 0.435388 0.758721 0.487078 0.735465 0.49503 0.770349 0.441352 0.790698
0 0.487078 0.366279 0.49503 0.340116 0.536779 0.363372 0.528827 0.389535
0 0.574553 0.127907 0.586481 0.104651 0.620278 0.139535 0.60835 0.162791
0 0.719682 0.148256 0.735586 0.127907 0.769384 0.177326 0.753479 0.197674
0 0.675944 0.401163 0.685885 0.369186 0.72167 0.395349 0.71173 0.427326
0 0.72167 0.918605 0.733598 0.886628 0.7833 0.921512 0.77336 0.956395
0 0.868787 0.386628 0.884692 0.357558 0.924453 0.40407 0.906561 0.43314
0 0.817097 0.0261628 0.836978 0 0.87674 0.0581395 0.856859 0.0843023
