0 0.138493 0.121495 0.0301501 0.0218233 0.365241
0 0.127291 0.197819 0.0342512 0.0224287 0.412014
0 0.180244 0.299065 0.0311616 0.0183148 0.507603
0 0.214868 0.378505 0.037458 0.0217301 -0.387291
0 0.238289 0.17757 0.0262995 0.0185538 0.271254
0 0.280041 0.0638629 0.0315966 0.0167226 0.795166
0 0.329939 0.196262 0.0356616 0.0165856 0.819536
0 0.351069 0.0757003 0.0390916 0.018136 0.885649
0 0.399185 0.0186916 0.0338318 0.022768 0.567417
0 0.422607 0.196262 0.0249221 0.0224033 1.5708
0 0.354379 0.456386 0.0361175 0.0216131 0.412014
0 0.502037 0.0389408 0.0200058 0.0106131 1.78536
0 0.482688 0.102804 0.022616 0.0132664 1.35623
0 0.520367 0.197819 0.0309516 0.0148471 1.18289
0 0.51833 0.300623 0.0252261 0.0159196 1.35623
0 0.57324 0.278999 0.012237 0.0118246 1.98182
0 0.223014 0.613707 0.0186916 0.0142566 1.5708
0 0.404277 0.668224 0.0365481 0.0202004 0.819535
0 0.43279 0.786604 0.0218068 0.0142566 1.5708
0 0.440937 0.869159 0.028349 0.0142883 1.29761
0 0.490835 0.629283 0.0282266 0.0131812 1.13391
0 0.526894 0.68991 0.0323387 0.0123865 1.28802
0 0.53055 0.595016 0.0186916 0.0142566 1.5708
0 0.608961 0.563863 0.0230026 0.0125842 1.38613
