0 0.0715706 0.0881356 0.0874751 0.0610169 0.12326 0.122034 0.107356 0.149153
0 0.135189 0.545763 0.151093 0.501695 0.202783 0.555932 0.186879 0.6
0 0.328032 0.145763 0.349901 0.142373 0.355865 0.237288 0.333996 0.244068
0 0.487078 0.372881 0.487078 0.271186 0.512922 0.271186 0.512922 0.372881
0 0.4334 0.867797 0.502982 0.79661 0.524851 0.861017 0.455268 0.932203
0 0.594433 0.162712 0.594433 0.0881356 0.612326 0.0881356 0.612326 0.162712
0 0.687873 0.0508475 0.707753 0.0440678 0.71173 0.101695 0.691849 0.108475
0 0.809145 0.0711864 0.827038 0.0677966 0.831014 0.132203 0.813121 0.135593
0 0.715706 0.450847 0.771372 0.386441 0.791252 0.430508 0.735586 0.498305
0 0.727634 0.535593 0.771372 0.467797 0.791252 0.501695 0.747515 0.569492
