0 0.0823529 0.302251 0.0882353 0.273312 0.131373 0.29582 0.12549 0.324759
0 0.109804 0.517685 0.113725 0.488746 0.160784 0.504823 0.156863 0.530547
0 0.290196 0.305466 0.3 0.276527 0.354902 0.321543 0.347059 0.353698
0 0.278431 0.649518 0.282353 0.623794 0.327451 0.643087 0.321569 0.66881
0 0.464706 0.495177 0.470588 0.469453 0.509804 0.498392 0.503922 0.5209
0 0.562745 0.311897 0.568627 0.286174 0.607843 0.315113 0.601961 0.340836
0 0.613725 0.495177 0.619608 0.472669 0.654902 0.495177 0.64902 0.5209
0 0.707843 0.189711 0.709804 0.160772 0.739216 0.170418 0.735294 0.196141
0 0.719608 0.81672 0.721569 0.78135 0.758824 0.790997 0.756863 0.823151
0 0.794118 0.559486 0.796078 0.530547 0.831373 0.536977 0.829412 0.569132
0 0.807843 0.311897 0.811765 0.282958 0.845098 0.29582 0.843137 0.324759
