0 0.0779231 0.0965707 0.0859865 0.0262921 0.707293
0 0.059761 0.41821 0.0492276 0.0278174 0.27459
0 0.247012 0.273148 0.0541798 0.0243992 0.659117
0 0.39741 0.271605 0.0463768 0.0246806 0.47673
0 0.346614 0.0972222 0.0547316 0.0278085 0.554817
0 0.590638 0.0848766 0.0448833 0.0246777 0.626026
0 0.575697 0.322531 0.0374441 0.0276847 0.180301
0 0.50498 0.567901 0.0436805 0.0247096 0.315304
0 0.441235 0.862654 0.0418327 0.0216049 0
0 0.579681 0.871914 0.0277777 0.0239044 1.5708
0 0.823705 0.845679 0.0246914 0.0219123 1.5708
0 0.883466 0.904321 0.0319545 0.0245384 0.217828
